Data type torch.float32
Benchmarking on device: cuda, dtype: torch.float32

Input size: 1

TeLU
1
tensor(-1.4013e-42, device='cuda:0') tensor(-4.2826e-06, device='cuda:0')
tensor([ 0.0000e+00,  0.0000e+00, -1.4293e-43, -5.6612e-43, -1.4013e-42,
        -3.7457e-42, -9.8876e-42, -2.6641e-41, -7.1702e-41, -1.9290e-40,
        -5.1898e-40, -1.3957e-39, -3.7532e-39, -1.0091e-38, -2.7130e-38,
        -7.2927e-38, -1.9601e-37, -5.2675e-37, -1.4154e-36, -3.8027e-36,
        -1.0215e-35, -2.7437e-35, -7.3684e-35, -1.9785e-34, -5.3117e-34,
        -1.4258e-33, -3.8268e-33, -1.0269e-32, -2.7551e-32, -7.3906e-32,
        -1.9822e-31, -5.3153e-31, -1.4251e-30, -3.8199e-30, -1.0237e-29,
        -2.7431e-29, -7.3483e-29, -1.9681e-28, -5.2700e-28, -1.4108e-27,
        -3.7761e-27, -1.0104e-26, -2.7030e-26, -7.2289e-26, -1.9328e-25,
        -5.1663e-25, -1.3806e-24, -3.6880e-24, -9.8492e-24, -2.6295e-23,
        -7.0177e-23, -1.8723e-22, -4.9934e-22, -1.3312e-21, -3.5477e-21,
        -9.4509e-21, -2.5166e-20, -6.6983e-20, -1.7820e-19, -4.7388e-19,
        -1.2595e-18, -3.3459e-18, -8.8836e-18, -2.3573e-17, -6.2515e-17,
        -1.6569e-16, -4.3883e-16, -1.1615e-15, -3.0719e-15, -8.1183e-15,
        -2.1437e-14, -5.6559e-14, -1.4908e-13, -3.9259e-13, -1.0327e-12,
        -2.7137e-12, -7.1223e-12, -1.8669e-11, -4.8868e-11, -1.2773e-10,
        -3.3331e-10, -8.6828e-10, -2.2576e-09, -5.8579e-09, -1.5165e-08,
        -3.9162e-08, -1.0085e-07, -2.5891e-07, -6.6239e-07, -1.6880e-06,
        -4.2826e-06, -1.0810e-05, -2.7124e-05, -6.7586e-05, -1.6702e-04,
        -4.0860e-04, -9.8728e-04, -2.3482e-03, -5.4713e-03, -1.2394e-02,
        -2.6950e-02, -5.4924e-02, -9.9246e-02, -1.3126e-01,  2.9873e-02,
         7.6159e-01], device='cuda:0')


Mish
1
tensor(-1.4153e-42, device='cuda:0') tensor(-4.2309e-06, device='cuda:0')
tensor([ 0.0000e+00,  0.0000e+00, -1.4433e-43, -5.7173e-43, -1.4153e-42,
        -3.7835e-42, -9.9885e-42, -2.6916e-41, -7.2449e-41, -1.9493e-40,
        -5.2451e-40, -1.4107e-39, -3.7940e-39, -1.0202e-38, -2.7431e-38,
        -7.3746e-38, -1.9824e-37, -5.3280e-37, -1.4319e-36, -3.8475e-36,
        -1.0337e-35, -2.7768e-35, -7.4582e-35, -2.0029e-34, -5.3781e-34,
        -1.4439e-33, -3.8758e-33, -1.0402e-32, -2.7914e-32, -7.4892e-32,
        -2.0090e-31, -5.3882e-31, -1.4449e-30, -3.8737e-30, -1.0384e-29,
        -2.7828e-29, -7.4564e-29, -1.9975e-28, -5.3499e-28, -1.4325e-27,
        -3.8351e-27, -1.0264e-26, -2.7466e-26, -7.3474e-26, -1.9650e-25,
        -5.2539e-25, -1.4044e-24, -3.7527e-24, -1.0025e-23, -2.6773e-23,
        -7.1477e-23, -1.9076e-22, -5.0894e-22, -1.3573e-21, -3.6187e-21,
        -9.6437e-21, -2.5690e-20, -6.8408e-20, -1.8208e-19, -4.8441e-19,
        -1.2881e-18, -3.4237e-18, -9.0951e-18, -2.4148e-17, -6.4078e-17,
        -1.6993e-16, -4.5038e-16, -1.1929e-15, -3.1572e-15, -8.3503e-15,
        -2.2068e-14, -5.8273e-14, -1.5374e-13, -4.0525e-13, -1.0672e-12,
        -2.8073e-12, -7.3766e-12, -1.9360e-11, -5.0747e-11, -1.3284e-10,
        -3.4720e-10, -9.0603e-10, -2.3602e-09, -6.1368e-09, -1.5923e-08,
        -4.1223e-08, -1.0645e-07, -2.7414e-07, -7.0379e-07, -1.6814e-06,
        -4.2309e-06, -1.0807e-05, -2.7119e-05, -6.7531e-05, -1.6703e-04,
        -4.0856e-04, -9.8718e-04, -2.3474e-03, -5.4659e-03, -1.2360e-02,
        -2.6748e-02, -5.3773e-02, -9.3393e-02, -1.0836e-01,  5.9217e-02,
         6.0000e-01], device='cuda:0')


Swish
1
tensor(-1.4013e-42, device='cuda:0') tensor(-4.2826e-06, device='cuda:0')
tensor([ 0.0000e+00,  0.0000e+00, -1.4293e-43, -5.6612e-43, -1.4013e-42,
        -3.7457e-42, -9.8876e-42, -2.6641e-41, -7.1702e-41, -1.9290e-40,
        -5.1898e-40, -1.3957e-39, -3.7532e-39, -1.0091e-38, -2.7130e-38,
        -7.2927e-38, -1.9601e-37, -5.2675e-37, -1.4154e-36, -3.8027e-36,
        -1.0215e-35, -2.7437e-35, -7.3684e-35, -1.9785e-34, -5.3117e-34,
        -1.4258e-33, -3.8268e-33, -1.0269e-32, -2.7551e-32, -7.3906e-32,
        -1.9822e-31, -5.3153e-31, -1.4251e-30, -3.8199e-30, -1.0237e-29,
        -2.7431e-29, -7.3483e-29, -1.9681e-28, -5.2700e-28, -1.4108e-27,
        -3.7761e-27, -1.0104e-26, -2.7030e-26, -7.2289e-26, -1.9328e-25,
        -5.1663e-25, -1.3806e-24, -3.6880e-24, -9.8492e-24, -2.6295e-23,
        -7.0177e-23, -1.8723e-22, -4.9934e-22, -1.3312e-21, -3.5477e-21,
        -9.4509e-21, -2.5166e-20, -6.6983e-20, -1.7820e-19, -4.7388e-19,
        -1.2595e-18, -3.3459e-18, -8.8836e-18, -2.3573e-17, -6.2515e-17,
        -1.6569e-16, -4.3883e-16, -1.1615e-15, -3.0719e-15, -8.1183e-15,
        -2.1437e-14, -5.6559e-14, -1.4908e-13, -3.9259e-13, -1.0327e-12,
        -2.7137e-12, -7.1223e-12, -1.8669e-11, -4.8868e-11, -1.2773e-10,
        -3.3331e-10, -8.6828e-10, -2.2576e-09, -5.8579e-09, -1.5165e-08,
        -3.9162e-08, -1.0085e-07, -2.5891e-07, -6.6239e-07, -1.6880e-06,
        -4.2826e-06, -1.0810e-05, -2.7124e-05, -6.7585e-05, -1.6701e-04,
        -4.0856e-04, -9.8702e-04, -2.3466e-03, -5.4605e-03, -1.2326e-02,
        -2.6547e-02, -5.2665e-02, -8.8104e-02, -9.0784e-02,  7.2329e-02,
         5.0000e-01], device='cuda:0')


Logish
1
tensor(-1.4153e-42, device='cuda:0') tensor(-4.2309e-06, device='cuda:0')
tensor([ 0.0000e+00,  0.0000e+00, -1.4433e-43, -5.7173e-43, -1.4153e-42,
        -3.7835e-42, -9.9885e-42, -2.6916e-41, -7.2449e-41, -1.9493e-40,
        -5.2451e-40, -1.4107e-39, -3.7940e-39, -1.0202e-38, -2.7431e-38,
        -7.3746e-38, -1.9824e-37, -5.3280e-37, -1.4319e-36, -3.8475e-36,
        -1.0337e-35, -2.7768e-35, -7.4582e-35, -2.0029e-34, -5.3781e-34,
        -1.4439e-33, -3.8758e-33, -1.0402e-32, -2.7914e-32, -7.4892e-32,
        -2.0090e-31, -5.3882e-31, -1.4449e-30, -3.8737e-30, -1.0384e-29,
        -2.7828e-29, -7.4564e-29, -1.9975e-28, -5.3499e-28, -1.4325e-27,
        -3.8351e-27, -1.0264e-26, -2.7466e-26, -7.3474e-26, -1.9650e-25,
        -5.2539e-25, -1.4044e-24, -3.7527e-24, -1.0025e-23, -2.6773e-23,
        -7.1477e-23, -1.9076e-22, -5.0894e-22, -1.3573e-21, -3.6187e-21,
        -9.6437e-21, -2.5690e-20, -6.8408e-20, -1.8208e-19, -4.8441e-19,
        -1.2881e-18, -3.4237e-18, -9.0951e-18, -2.4148e-17, -6.4078e-17,
        -1.6993e-16, -4.5038e-16, -1.1929e-15, -3.1572e-15, -8.3503e-15,
        -2.2068e-14, -5.8273e-14, -1.5374e-13, -4.0525e-13, -1.0672e-12,
        -2.8073e-12, -7.3766e-12, -1.9360e-11, -5.0747e-11, -1.3284e-10,
        -3.4720e-10, -9.0603e-10, -2.3602e-09, -6.1368e-09, -1.5923e-08,
        -4.1223e-08, -1.0645e-07, -2.7414e-07, -7.0379e-07, -1.6814e-06,
        -4.2309e-06, -1.0807e-05, -2.7119e-05, -6.7530e-05, -1.6702e-04,
        -4.0852e-04, -9.8690e-04, -2.3457e-03, -5.4552e-03, -1.2293e-02,
        -2.6349e-02, -5.1576e-02, -8.3058e-02, -7.5005e-02,  8.3241e-02,
         4.0547e-01], device='cuda:0')


Smish
1
tensor(-1.4153e-42, device='cuda:0') tensor(-4.2309e-06, device='cuda:0')
tensor([ 0.0000e+00,  0.0000e+00, -1.4433e-43, -5.7173e-43, -1.4153e-42,
        -3.7835e-42, -9.9885e-42, -2.6916e-41, -7.2449e-41, -1.9493e-40,
        -5.2451e-40, -1.4107e-39, -3.7940e-39, -1.0202e-38, -2.7431e-38,
        -7.3746e-38, -1.9824e-37, -5.3280e-37, -1.4319e-36, -3.8475e-36,
        -1.0337e-35, -2.7768e-35, -7.4582e-35, -2.0029e-34, -5.3781e-34,
        -1.4439e-33, -3.8758e-33, -1.0402e-32, -2.7914e-32, -7.4892e-32,
        -2.0090e-31, -5.3882e-31, -1.4449e-30, -3.8737e-30, -1.0384e-29,
        -2.7828e-29, -7.4564e-29, -1.9975e-28, -5.3499e-28, -1.4325e-27,
        -3.8351e-27, -1.0264e-26, -2.7466e-26, -7.3474e-26, -1.9650e-25,
        -5.2539e-25, -1.4044e-24, -3.7527e-24, -1.0025e-23, -2.6773e-23,
        -7.1477e-23, -1.9076e-22, -5.0894e-22, -1.3573e-21, -3.6187e-21,
        -9.6437e-21, -2.5690e-20, -6.8408e-20, -1.8208e-19, -4.8441e-19,
        -1.2881e-18, -3.4237e-18, -9.0951e-18, -2.4148e-17, -6.4078e-17,
        -1.6993e-16, -4.5038e-16, -1.1929e-15, -3.1572e-15, -8.3503e-15,
        -2.2068e-14, -5.8273e-14, -1.5374e-13, -4.0525e-13, -1.0672e-12,
        -2.8073e-12, -7.3766e-12, -1.9360e-11, -5.0747e-11, -1.3284e-10,
        -3.4720e-10, -9.0603e-10, -2.3602e-09, -6.1368e-09, -1.5923e-08,
        -4.1223e-08, -1.0645e-07, -2.7414e-07, -7.0379e-07, -1.6814e-06,
        -4.2309e-06, -1.0807e-05, -2.7119e-05, -6.7530e-05, -1.6702e-04,
        -4.0852e-04, -9.8690e-04, -2.3457e-03, -5.4552e-03, -1.2293e-02,
        -2.6347e-02, -5.1556e-02, -8.2814e-02, -7.3119e-02,  8.7305e-02,
         3.8462e-01], device='cuda:0')


Softplus
1
tensor(3.7835e-44, device='cuda:0') tensor(7.5826e-10, device='cuda:0')
tensor([0.0000e+00, 0.0000e+00, 1.4013e-45, 5.6052e-45, 1.4013e-44, 3.7835e-44,
        1.0089e-43, 2.7465e-43, 7.4689e-43, 2.0305e-42, 5.5211e-42, 1.5008e-41,
        4.0796e-41, 1.1089e-40, 3.0144e-40, 8.1940e-40, 2.2274e-39, 6.0546e-39,
        1.6458e-38, 4.4738e-38, 1.2161e-37, 3.3057e-37, 8.9858e-37, 2.4426e-36,
        6.6397e-36, 1.8049e-35, 4.9061e-35, 1.3336e-34, 3.6251e-34, 9.8542e-34,
        2.6786e-33, 7.2813e-33, 1.9793e-32, 5.3802e-32, 1.4625e-31, 3.9754e-31,
        1.0806e-30, 2.9375e-30, 7.9849e-30, 2.1705e-29, 5.9001e-29, 1.6038e-28,
        4.3596e-28, 1.1851e-27, 3.2213e-27, 8.7565e-27, 2.3803e-26, 6.4702e-26,
        1.7588e-25, 4.7809e-25, 1.2996e-24, 3.5326e-24, 9.6027e-24, 2.6103e-23,
        7.0955e-23, 1.9287e-22, 5.2429e-22, 1.4252e-21, 3.8740e-21, 1.0531e-20,
        2.8625e-20, 7.7811e-20, 2.1151e-19, 5.7495e-19, 1.5629e-18, 4.2484e-18,
        1.1548e-17, 3.1391e-17, 8.5330e-17, 2.3195e-16, 6.3051e-16, 1.7139e-15,
        4.6589e-15, 1.2664e-14, 3.4425e-14, 9.3576e-14, 2.5437e-13, 6.9144e-13,
        1.8795e-12, 5.1091e-12, 1.3888e-11, 3.7751e-11, 1.0262e-10, 2.7895e-10,
        7.5826e-10, 2.0612e-09, 5.6028e-09, 1.5230e-08, 4.1399e-08, 1.1254e-07,
        3.0590e-07, 8.3153e-07, 2.2603e-06, 6.1442e-06, 1.6701e-05, 4.5398e-05,
        1.2339e-04, 3.3535e-04, 9.1105e-04, 2.4726e-03, 6.6929e-03, 1.7986e-02,
        4.7426e-02, 1.1920e-01, 2.6894e-01, 5.0000e-01], device='cuda:0')


GeLU
90
tensor( 0.0000e+00, device='cuda:0') tensor( 0.0000e+00, device='cuda:0')
tensor([ 0.0000e+00,  0.0000e+00,  0.0000e+00,  0.0000e+00,  0.0000e+00,
         0.0000e+00,  0.0000e+00,  0.0000e+00,  0.0000e+00,  0.0000e+00,
         0.0000e+00,  0.0000e+00,  0.0000e+00,  0.0000e+00,  0.0000e+00,
         0.0000e+00,  0.0000e+00,  0.0000e+00,  0.0000e+00,  0.0000e+00,
         0.0000e+00,  0.0000e+00,  0.0000e+00,  0.0000e+00,  0.0000e+00,
         0.0000e+00,  0.0000e+00,  0.0000e+00,  0.0000e+00,  0.0000e+00,
         0.0000e+00,  0.0000e+00,  0.0000e+00,  0.0000e+00,  0.0000e+00,
         0.0000e+00,  0.0000e+00,  0.0000e+00,  0.0000e+00,  0.0000e+00,
         0.0000e+00,  0.0000e+00,  0.0000e+00,  0.0000e+00,  0.0000e+00,
         0.0000e+00,  0.0000e+00,  0.0000e+00,  0.0000e+00,  0.0000e+00,
         0.0000e+00,  0.0000e+00,  0.0000e+00,  0.0000e+00,  0.0000e+00,
         0.0000e+00,  0.0000e+00,  0.0000e+00,  0.0000e+00,  0.0000e+00,
         0.0000e+00,  0.0000e+00,  0.0000e+00,  0.0000e+00,  0.0000e+00,
         0.0000e+00,  0.0000e+00,  0.0000e+00,  0.0000e+00,  0.0000e+00,
         0.0000e+00,  0.0000e+00,  0.0000e+00,  0.0000e+00,  0.0000e+00,
         0.0000e+00,  0.0000e+00,  0.0000e+00,  0.0000e+00,  0.0000e+00,
         0.0000e+00,  0.0000e+00,  0.0000e+00,  0.0000e+00,  0.0000e+00,
         0.0000e+00,  0.0000e+00,  0.0000e+00,  0.0000e+00,  0.0000e+00,
         0.0000e+00, -1.5330e-42, -1.0382e-36, -2.5721e-31, -2.3280e-26,
        -7.6873e-22, -9.2447e-18, -4.0394e-14, -6.3914e-11, -3.6443e-08,
        -7.1339e-06, -5.0356e-04, -1.1945e-02, -8.5230e-02, -8.3318e-02,
         5.0000e-01], device='cuda:0')


ELU
1
tensor(3.7835e-44, device='cuda:0') tensor(7.5826e-10, device='cuda:0')
tensor([0.0000e+00, 0.0000e+00, 1.4013e-45, 5.6052e-45, 1.4013e-44, 3.7835e-44,
        1.0089e-43, 2.7465e-43, 7.4689e-43, 2.0305e-42, 5.5211e-42, 1.5008e-41,
        4.0796e-41, 1.1089e-40, 3.0144e-40, 8.1940e-40, 2.2274e-39, 6.0546e-39,
        1.6458e-38, 4.4738e-38, 1.2161e-37, 3.3057e-37, 8.9858e-37, 2.4426e-36,
        6.6397e-36, 1.8049e-35, 4.9061e-35, 1.3336e-34, 3.6251e-34, 9.8542e-34,
        2.6786e-33, 7.2813e-33, 1.9793e-32, 5.3802e-32, 1.4625e-31, 3.9754e-31,
        1.0806e-30, 2.9375e-30, 7.9849e-30, 2.1705e-29, 5.9001e-29, 1.6038e-28,
        4.3596e-28, 1.1851e-27, 3.2213e-27, 8.7565e-27, 2.3803e-26, 6.4702e-26,
        1.7588e-25, 4.7809e-25, 1.2996e-24, 3.5326e-24, 9.6027e-24, 2.6103e-23,
        7.0955e-23, 1.9287e-22, 5.2429e-22, 1.4252e-21, 3.8740e-21, 1.0531e-20,
        2.8625e-20, 7.7811e-20, 2.1151e-19, 5.7495e-19, 1.5629e-18, 4.2484e-18,
        1.1548e-17, 3.1391e-17, 8.5330e-17, 2.3195e-16, 6.3051e-16, 1.7139e-15,
        4.6589e-15, 1.2664e-14, 3.4425e-14, 9.3576e-14, 2.5437e-13, 6.9144e-13,
        1.8795e-12, 5.1091e-12, 1.3888e-11, 3.7751e-11, 1.0262e-10, 2.7895e-10,
        7.5826e-10, 2.0612e-09, 5.6028e-09, 1.5230e-08, 4.1399e-08, 1.1254e-07,
        3.0590e-07, 8.3153e-07, 2.2603e-06, 6.1442e-06, 1.6702e-05, 4.5400e-05,
        1.2341e-04, 3.3546e-04, 9.1188e-04, 2.4788e-03, 6.7379e-03, 1.8316e-02,
        4.9787e-02, 1.3534e-01, 3.6788e-01, 1.0000e+00], device='cuda:0')


ReLU
104
tensor(0., device='cuda:0') tensor(0., device='cuda:0')
tensor([0.0000, 0.0000, 0.0000, 0.0000, 0.0000, 0.0000, 0.0000, 0.0000, 0.0000,
        0.0000, 0.0000, 0.0000, 0.0000, 0.0000, 0.0000, 0.0000, 0.0000, 0.0000,
        0.0000, 0.0000, 0.0000, 0.0000, 0.0000, 0.0000, 0.0000, 0.0000, 0.0000,
        0.0000, 0.0000, 0.0000, 0.0000, 0.0000, 0.0000, 0.0000, 0.0000, 0.0000,
        0.0000, 0.0000, 0.0000, 0.0000, 0.0000, 0.0000, 0.0000, 0.0000, 0.0000,
        0.0000, 0.0000, 0.0000, 0.0000, 0.0000, 0.0000, 0.0000, 0.0000, 0.0000,
        0.0000, 0.0000, 0.0000, 0.0000, 0.0000, 0.0000, 0.0000, 0.0000, 0.0000,
        0.0000, 0.0000, 0.0000, 0.0000, 0.0000, 0.0000, 0.0000, 0.0000, 0.0000,
        0.0000, 0.0000, 0.0000, 0.0000, 0.0000, 0.0000, 0.0000, 0.0000, 0.0000,
        0.0000, 0.0000, 0.0000, 0.0000, 0.0000, 0.0000, 0.0000, 0.0000, 0.0000,
        0.0000, 0.0000, 0.0000, 0.0000, 0.0000, 0.0000, 0.0000, 0.0000, 0.0000,
        0.0000, 0.0000, 0.0000, 0.0000, 0.0000, 0.0000, 0.5000],
       device='cuda:0')

PS C:\Users\Alfre\OneDrive\Documents\TeLU\Results\PersistentGrad> 